100
-224566737 -934657943
-449832242 -566578399
-894628181 -564102404
-838386785 -183022004
-897382347 -674213148
-428412883 -457853464
-657254723 -558817800
-297671625 -567755025
-456934013 -149409318
-223301256 -958613292
-517116187 -365082431
-146950452 -877805852
-969304274 -484295649
-44319501 -676833509
-314876429 -452247767
-102293034 -486409068
-934686262 -370521020
-299260672 -475257108
-618548039 -638664883
-767540311 -814733153
-848591737 -688378860
-780502511 -553233335
-782974309 -849635799
-669643621 -235511251
-311062920 -2762713
-775555118 -221212327
-931324059 -420097356
-292582153 -483152731
-247063512 -825007694
-834632361 -74625617
-527013375 -252615354
-499772865 -261006200
-512910040 -998696668
-119785689 -458594932
-90329329 -684019495
-158812201 -742293186
-434408273 -478225902
-735342701 -604503452
-472494081 -728651528
-549350205 -417688765
-945829289 -325038018
-222502610 -228194190
-507073024 -653704411
-470193817 -883141597
-358364642 -145566025
-648814473 -397665898
-277594833 -452909007
-700123848 -899735382
-408261231 -810202440
-328487396 -312876262
-746796924 -933166304
-666538804 -938920582
-924929083 -75131470
-146916015 -911281059
-669560662 -679948820
-276119214 -893170568
-478588794 -283506017
-729197282 -26418369
-233183783 -426509692
-801946842 -791850229
-203885007 -528956904
-573611548 -862846290
-706248359 -752393877
-513295605 -930654797
-853019655 -279409734
-127777051 -593432605
-285075269 -25184956
-969662185 -720496443
-31953321 -975074431
-79954193 -656016526
-180777165 -551538180
-834813036 -830320420
-35499013 -811841182
-634938283 -155212526
-205557733 -128525264
-844710905 -336160703
-377062522 -669246884
-94124615 -653147494
-331857438 -749282853
-864643255 -140334993
-991827277 -247862656
-362695389 -54343160
-626283829 -582271707
-703800690 -124305740
-310115757 -713120074
-3424907 -44504117
-324478027 -132492439
-835145909 -40488876
-295021861 -250501792
-58746486 -496502536
-91107730 -451639178
-550568763 -152443972
-491202628 -746233313
-431694851 -920038877
-370165626 -700036235
-605935687 -567789523
-77049129 -539770270
-333014350 -747327341
-310124090 -644971721
-442771655 -407399314
