100
997175853 985490372
875012160 731544574
385281594 725240486
986729192 220905770
334043930 546288648
407940031 199763415
71497147 782589452
749007950 285894944
939537562 931078094
675732876 507728060
569272264 150633133
876284256 152372777
372764123 290452503
381239836 442961689
387289065 371789947
88425188 300168132
881744166 477236850
391027460 308290931
633467028 173888772
655564922 610979343
461166801 684125342
90123956 327754716
419515793 219273974
644999460 962968685
628148741 674480479
826046508 817769093
40079773 639847809
307483061 314902088
861910661 465366461
27500065 194408483
509329686 393534521
6265406 141161699
321915030 896348979
822273762 185323550
170014917 107455246
617281772 36158172
775191230 257902184
940920444 398499474
946178571 591987506
407645927 676096069
102033022 281247739
862747122 585492465
604898696 440405616
744987538 990066829
232928012 397085714
320294181 164509045
644352585 170191844
48164326 325442360
313009898 279482475
631811923 490936075
470544114 221577474
890894881 985458563
338581378 414245009
450849806 430177547
642116650 665000150
735637373 885777630
857076307 93649067
964854014 93949898
412841304 828978109
956231762 771479573
826675425 292995553
88586379 26019221
57896460 313621756
887039363 61390031
774640353 376516529
306193741 704083185
327579573 399168282
748167679 745676271
559470420 427394410
229950050 771211583
350583684 870554598
189543328 102289910
786955582 926432235
698894606 424550876
67789607 279263003
962495586 60098335
503704270 520227739
954974763 561940184
234122532 187324630
186992474 103060159
159063058 938209947
470599272 729578284
671384044 605446048
866917169 638062296
593960958 955738503
368513600 297871816
878023749 202405253
17187088 368340544
610426130 199353244
7329646 839979572
694512967 100230215
69628958 543514694
520654787 96519926
673714887 860464005
223192521 503957747
997911112 676786916
609241356 786043171
824503439 592346474
892553269 83659528
82807551 908100133
