100
99603546 371091819
320585132 -829289486
-114119419 -550477001
719021547 -918116955
-252330089 251662591
268467590 -462054328
18084954 -320950504
-19566280 76518164
451811718 179542819
847999603 701970298
-873317555 -302337517
-772064955 -254918782
50793036 779592156
294614859 -325814986
612024876 -576878348
-19038248 987338842
757593999 -556237795
-74558362 642133877
322278585 -370905343
-977945933 425788614
-74383901 -310719990
-17963407 24759032
872131981 667360623
725228293 -700919242
153560990 -48917832
-57552105 440936541
280115993 -118373238
-157095710 -554999984
62751528 629900895
-286974106 -208744375
-684996013 -53831201
550516738 -927864910
-685441848 245195029
-283315647 -849993047
929293381 89029002
-810719635 -478689257
-149465134 506275507
-693943806 448969132
-632611931 650669749
422613768 -376078089
406770452 -476357976
-99139503 -782170055
-780923234 783421651
307522236 386563198
664445124 266739296
-56546626 -814463009
820264322 -162570350
944943052 -853259444
991818666 -310401788
488545648 198578521
130684309 186155528
-395977238 213072983
724118819 406620903
-750446156 -49435301
151232880 -752032370
674595310 714000885
39707058 414929097
599693801 177874764
-689986668 341969928
-111154022 480506468
-28502973 -392428312
47846764 803119629
917759420 -610168227
49136728 364428918
-577339022 -373879419
739961638 -442761283
767872918 995777981
-182873591 288559056
-606559185 270493944
-884436853 -404486471
-858191539 -618002819
-996065611 -147566703
-775181402 -298652890
-799907026 563902853
-462274099 997396275
-964464380 -715336506
-687717702 661032733
841396402 3371514
233044229 -356346643
905389225 -655583768
830155785 542993964
-122129883 752321873
95329977 829815804
-136857700 501799624
-993336176 -430846996
-756611478 -514391082
-692001078 -777963416
-439872477 -712025215
-992276487 666855105
234394362 -6102436
310008068 -406073482
-957389532 638277171
824253282 -714575274
19214659 352601327
-976381705 -447440637
707577107 984837802
-661023738 -17466824
-92303547 348347203
144678906 179626096
-611265613 577003631
