1
50
8694880 7.3
8519991 5.4
8837694 5.0
9470710 1.2
7534914 9.7
9242849 3.3
9024777 4.8
9627818 3.3
7638846 8.2
6830901 9.9
9994158 9.7
9376703 10.1
8178322 12.0
8529164 10.2
8986503 10.1
9175459 11.0
9798549 11.1
9450496 9.1
9092792 9.9
8092765 11.8
8885626 11.3
8496594 11.2
9398012 11.3
9498280 9.6
9961116 11.1
9022720 9.5
8299493 11.7
8377474 10.6
9966744 11.6
8725615 9.4
8025799 10.5
8496886 11.7
8057092 10.6
9750280 11.6
8891282 10.6
9211630 12.0
9252267 9.2
9133431 11.4
8413333 11.7
8739004 10.7
8005905 5.4
1637562 2.7
9229411 4.6
7660545 7.0
8712680 5.4
7113415 9.5
7183373 10.6
7690102 9.9
9601448 2.6
8376417 8.0
