233
0
-168
0
-72
0
-15
0
144
0
-122
0
-126
0
71
0
-41
0
95
0
220
0
-70
0
-225
0
198
0
166
0
-58
0
-187
0
81
0
-60
0
-83
0
-34
0
82
0
-124
0
87
0
166
0
63
0
-110
0
-188
0
134
0
-133
0
89
0
100
0
168
0
-168
0
-115
0
38
0
-59
0
137
0
-212
0
128
0
-52
0
-156
0
6
0
-169
0
-52
0
-27
0
184
0
105
0
-232
0
62
0
-93
0
-144
0
-196
0
159
0
-185
0
-169
0
-170
0
-187
0
-70
0
-50
0
48
0
223
0
-232
0
-86
0
-13
0
68
0
-220
0
128
0
-104
0
104
0
-219
0
180
0
59
0
107
0
206
0
-9
0
-15
0
171
0
207
0
-194
0
86
0
-99
0
60
0
-130
0
112
0
-22
0
-115
0
218
0
153
0
77
0
-112
0
-182
0
32
0
218
0
-110
0
-214
0
-95
0
-8
0
-96
0
-99
0
59
0
-125
0
62
0
-142
0
-56
0
133
0
-158
0
148
0
-57
0
113
0
195
0
-30
0
38
0
78
0
232
0
59
0
-101
0
191
0
210
0
-48
0
65
0
-177
0
-123
0
-8
0
7
0
-198
0
219
0
161
0
231
0
-187
0
-145
0
-2
0
65
0
99
0
-64
0
-3
0
77
0
-28
0
62
0
-108
0
-152
0
106
0
-218
0
-214
0
103
0
-62
0
-165
0
220
0
-55
0
-104
0
27
0
-159
0
-99
0
-165
0
-88
0
-149
0
-160
0
-221
0
16
0
-162
0
-42
0
22
0
196
0
-53
0
-163
0
23
0
23
0
-69
0
-75
0
226
0
173
0
225
0
-185
0
156
0
-138
0
134
0
22
0
-232
0
-201
0
-118
0
-197
0
-61
0
103
0
-49
0
-78
0
122
0
-223
0
-160
0
176
0
-217
0
163
0
-69
0
-209
0
-228
0
-228
0
166
0
110
0
192
0
149
0
-104
0
60
0
-197
0
216
0
-77
0
-148
0
-102
0
84
0
-19
0
-55
0
182
0
183
0
-190
0
-123
0
202
0
12
0
118
0
-221
0
233
0
71
0
-93
0
197
0
66
0
182
0
-62
0
185
0
211
0
-216
0
171
0
136
0
-215
0
-38
0
79
0
-15
0
133
