233
36380 11762
33555 86245
28189 92470
76097 80247
86754 61374
18522 12261
94253 99448
62726 84068
85007 35651
60774 47841
56647 26551
92239 77938
92060 18684
15027 85096
65215 46995
60156 18602
39816 90664
45148 32884
90339 43656
66281 40457
56359 66987
76826 78746
50206 83258
22086 65644
12379 63904
78997 29621
56929 91578
60690 41473
59144 15707
73193 51596
53994 16974
32832 75774
91227 65200
64078 43705
70922 62967
34521 14601
96023 40187
53998 36708
88043 78628
55796 56453
71763 54817
12505 28461
20819 95189
91587 98812
78037 39040
77634 87510
93919 56002
11690 91634
15884 26205
45984 50250
23278 84038
20454 46166
97153 25328
62182 39778
97818 86907
83738 30942
82215 38653
67037 35340
80605 52373
30673 12232
84276 19011
13223 26396
52733 71517
56335 53782
43892 27583
24989 35310
67175 26645
50507 88663
23827 85919
52956 58159
84925 59495
36194 47038
74992 75365
31497 11951
85458 79591
99699 17469
77365 78957
86103 28315
88408 32476
25119 53923
12839 49200
96591 94448
15202 78228
66059 32016
40514 50715
67385 50734
24711 30852
98890 77443
94099 86145
10301 15122
27318 44494
95640 65151
19990 60415
82885 35396
38105 53436
47019 90848
98628 28221
37917 58230
37511 96605
35702 10757
78586 52598
30125 90440
32441 46184
93994 36873
20526 87404
76845 90592
87563 15278
10268 44821
34889 84988
55513 47042
37081 82157
51645 39995
73587 55915
19697 43856
52077 13483
62312 63102
23772 91803
59152 78305
99116 57531
58968 96546
90971 52671
20032 40564
43642 47681
41097 51605
20061 73524
78636 54992
49932 86806
70995 85749
75313 91388
14258 99867
50174 64193
83550 72563
79901 87033
40805 56377
61730 38263
77620 98670
63071 60854
11630 32633
42305 82005
61106 57845
41530 60758
32838 14903
16836 60336
56777 70091
78692 55078
57906 73952
77587 93875
40734 74637
56009 20504
57364 74527
92223 39036
26763 65746
52328 37479
14510 59014
64708 45873
42004 17348
72883 40491
67315 71715
38481 69884
27835 62547
23737 16223
96630 50955
28696 55271
46587 25712
11062 96391
95263 91792
32741 10919
49365 29723
38953 87861
12688 74783
61089 15776
34529 37093
58650 32191
73377 37737
94162 58215
95511 73653
99828 60324
27815 48329
28529 97567
67021 68882
74577 94463
33836 29492
24934 11114
84287 76485
67732 55274
38382 63589
86354 82004
33409 36877
72367 97788
85029 39593
39026 76967
14666 52625
48979 25625
32976 59956
59898 12235
93131 35191
19550 44261
49058 88273
24692 64511
15296 86715
27359 21134
37023 11594
75671 77376
77621 20812
21094 89700
64220 97680
48787 32777
59093 75214
47713 80257
31455 52651
52106 62775
41191 49660
53049 99263
30042 45474
54272 74929
34580 83928
79640 25535
76296 66379
13797 88893
97336 75109
19897 14728
73948 88437
43748 54310
56550 16036
32186 62176
15416 42150
72874 51938
98912 95915
69484 34078
15286 40283
55425 60309
32952 12022
66677 25595
