233
1489 51271
51142 43617
16868 51946
51054 20219
19935 18727
74626 43762
11408 69785
56399 94925
2414 83337
58334 26227
8463 47404
42986 83120
15169 33907
46956 59311
90440 95987
94989 45493
31424 92969
9911 82975
17675 20705
5174 67957
50015 52969
13202 21118
83397 47157
58331 27864
51899 78146
84353 87206
57028 22195
54662 84945
17004 46678
1453 61561
13313 46867
70872 10624
42231 78653
46409 87840
11318 38119
29828 69026
2928 34521
62817 92840
539 37130
23361 43192
73944 41662
75431 29687
92437 91780
93047 37395
33162 39245
53950 41392
36958 13670
49509 45607
17738 81309
82425 79239
86700 94411
49516 33555
58255 61592
97598 53618
14125 71152
57428 65803
80658 36655
66050 57985
62151 83319
65195 18235
38681 41099
93469 52993
43507 15354
23646 69616
86542 50964
24665 46087
72326 30461
97080 19641
73265 28161
43493 96532
58242 44693
66704 53926
75232 84773
32084 76120
21429 75769
96957 55605
17258 65962
35087 65233
29775 27095
11136 46151
74409 61176
31821 51943
81486 79456
31762 12942
51511 17236
37738 52507
44018 15328
79751 27045
99836 14997
9591 14145
28262 45270
90835 96524
35593 72534
10789 84534
44182 55189
32045 74196
38054 65364
62311 96697
14505 14933
70679 62907
39901 31683
1613 12234
27514 53593
47894 14641
15235 34128
94924 98662
70641 10375
46010 39619
9683 86368
58520 68341
10448 49886
17399 60756
87516 88406
95543 75189
73552 63323
14234 35289
61885 91353
61825 54291
79930 34647
58714 11389
5445 57945
16348 45318
73622 69624
971 27122
13746 86258
35826 43276
85749 13312
78145 21152
61631 67748
7033 67127
52060 89413
39513 50469
87464 36252
89532 50784
60963 63675
81854 51361
4275 94544
11485 62275
88705 39652
29520 61720
33667 69717
5042 90059
85773 66843
2025 21446
8644 83123
42335 90774
10446 14353
3940 55842
72314 54481
6232 52413
19994 32941
72939 97271
83725 98624
50993 85842
20913 92186
28977 19373
17401 16371
51197 88562
66276 54120
68143 91157
71217 66753
10670 41177
45950 60716
87865 17822
99962 22919
78098 59107
91881 46683
84016 91177
16987 22009
80606 95644
5617 87230
41240 42687
41884 87206
86187 62622
55763 78397
5315 62806
21771 69537
51391 57655
78595 99018
64171 41735
92580 91486
80724 88038
62684 62556
50979 20150
38219 54795
20881 68595
66510 45935
21183 51129
77893 30258
86406 24414
55577 52615
2080 97895
45298 23914
17300 13326
17935 65285
74613 30170
47532 49954
22244 83560
39729 16874
76428 86142
76318 95829
22917 78255
74747 66259
96721 95352
55393 74897
82256 78606
96821 10051
17504 55819
48103 99148
24620 97281
44431 53242
66606 49573
53638 98862
58087 80112
40710 50379
41417 67260
89334 93431
51187 45675
94358 14027
30590 92784
30309 93921
14064 85482
63277 87404
57418 53708
40574 23296
62286 27426
94081 64121
40884 23252
56154 27745
11560 27786
99643 78420
83709 98050
40548 36684
