233
70285 74743
36070 36413
67530 84424
17637 45698
2308 99468
13343 55495
45837 33237
77281 45175
38177 31506
46317 6136
36114 76496
19144 17351
20745 90463
48507 58876
92378 20882
27536 22969
86766 82585
34959 32927
9224 64282
29022 84394
23013 38595
31883 78256
93024 43650
46975 94920
76227 92852
40201 61759
23384 89639
37093 82157
18085 7035
44069 10754
42488 10410
6736 73415
76571 32991
67332 65560
90543 16439
9387 91667
8421 99412
31252 44110
75558 26046
78675 96677
63866 24021
51000 87797
13495 90189
46532 85978
64820 17160
51989 86524
8242 84132
65058 80612
24642 41213
45844 67716
6602 91425
45375 74136
17327 85880
99645 35275
19017 47174
87476 12211
92473 47570
16838 18699
73494 99637
54390 28293
99443 682
90890 77287
77959 23034
83910 59287
46694 22554
78880 8021
51705 76679
6428 33362
62449 31944
43176 89011
19987 97149
51462 11934
91230 94347
66825 73715
28792 14672
37361 32851
61869 63188
58397 73620
88649 88512
15206 84504
85951 8763
86456 25557
13958 52172
33483 47088
3250 7737
68361 56958
46762 47277
84566 28031
25374 37764
53665 65298
96192 23899
15791 81118
28045 38859
65338 36118
62443 81054
89182 18710
80010 10141
98519 71266
5138 91442
56093 85193
6169 75776
32370 50296
70993 84728
63766 2465
40174 75580
38537 57687
16165 79215
80080 41783
46560 31856
79814 19250
85797 3692
57955 33882
95014 15736
21460 69367
83488 92810
53784 48444
84477 29205
54567 99106
2277 84747
62473 80206
58857 53061
59343 93146
252 17330
96988 9456
6480 25142
15058 28458
61604 43874
63369 29198
35562 80354
13814 2669
36844 12253
46257 80390
24955 40885
90073 109
49013 42496
87463 80854
95296 53525
74700 4400
67832 83937
92914 86202
92494 25945
35350 40509
71764 93360
90004 29163
96307 13125
47458 83723
59174 96376
92259 56000
71651 30244
53299 27928
22545 93229
45168 30743
87485 89733
21801 40813
3104 96530
50947 78586
74613 38947
90591 86118
4491 24707
64520 14533
96770 13036
59795 27981
76035 38051
28012 51800
19702 47680
10878 13927
93492 40759
24090 59593
22812 83992
82514 55739
74953 96662
94750 25085
64097 44859
52269 16162
44291 40510
90160 33551
48951 71516
9053 53259
30594 61859
44648 1271
92507 2447
32456 67079
31715 78605
37296 99049
76558 92441
1553 18837
93239 51680
69316 47487
53122 91410
32866 91149
52975 93978
4337 4056
16844 25816
13414 55527
85165 39050
87884 49190
87909 65063
48867 37193
48164 81747
39569 6456
34085 70111
40582 39490
70655 99780
27776 8730
68621 77400
4647 11287
85794 83298
30257 14562
79313 63954
5206 47965
74557 81567
82306 70697
17765 89322
65648 98533
26173 50231
35527 33053
76190 30245
76835 70585
27269 82268
45549 35733
61255 26661
19052 64903
22782 97132
59836 66160
30640 2183
95195 55065
12288 95173
6534 33417
10768 21796
71827 61431
983 70677
84145 35533
83317 52225
