233
100000 36315
100000 49716
100000 61183
100000 28614
100000 32764
100000 3426
100000 17239
100000 26155
100000 9465
100000 59987
100000 22804
100000 96626
100000 65656
100000 33780
100000 62314
100000 29292
100000 78277
100000 78792
100000 18999
100000 48685
100000 39249
100000 73777
100000 50738
100000 64004
100000 6785
100000 99688
100000 62643
100000 20015
100000 84805
100000 35244
100000 70034
100000 38061
100000 3304
100000 47594
100000 84239
100000 1212
100000 18433
100000 94144
100000 25734
100000 94449
100000 24534
100000 60481
100000 38172
100000 25286
100000 42478
100000 17625
100000 95760
100000 29558
100000 63845
100000 23143
100000 49305
100000 71956
100000 53971
100000 97505
100000 44365
100000 47170
100000 57723
100000 55475
100000 43765
100000 42280
100000 47637
100000 34138
100000 40895
100000 83727
100000 81658
100000 71818
100000 79022
100000 12258
100000 18659
100000 49106
100000 92899
100000 39050
100000 10859
100000 68585
100000 97455
100000 22900
100000 80769
100000 52291
100000 91350
100000 40979
100000 5597
100000 77773
100000 76438
100000 27854
100000 22706
100000 42872
100000 81992
100000 43039
100000 8201
100000 97979
100000 1064
100000 60117
100000 8489
100000 87505
100000 81752
100000 13244
100000 98277
100000 6731
100000 15432
100000 87913
100000 86816
100000 56648
100000 83044
100000 68791
100000 68311
100000 49040
100000 26053
100000 75638
100000 41771
100000 81572
100000 21238
100000 15039
100000 70491
100000 18117
100000 34123
100000 93809
100000 63532
100000 58545
100000 81021
100000 48408
100000 9723
100000 60952
100000 53529
100000 44439
100000 67897
100000 85582
100000 39811
100000 81963
100000 92288
100000 51873
100000 51727
100000 15705
100000 82146
100000 50330
100000 74929
100000 84166
100000 49308
100000 62464
100000 50860
100000 99251
100000 33000
100000 23279
100000 29080
100000 73397
100000 70240
100000 99297
100000 58217
100000 2806
100000 95085
100000 39204
100000 7766
100000 92342
100000 58241
100000 98259
100000 82718
100000 96146
100000 10162
100000 41474
100000 48369
100000 49110
100000 54560
100000 68451
100000 76849
100000 96728
100000 11640
100000 91913
100000 57964
100000 14330
100000 53222
100000 77226
100000 50076
100000 13023
100000 50415
100000 70521
100000 50090
100000 15161
100000 77665
100000 57290
100000 67796
100000 41198
100000 83209
100000 68365
100000 25402
100000 65216
100000 91986
100000 28754
100000 5930
100000 27221
100000 79049
100000 92602
100000 70961
100000 98846
100000 98136
100000 88856
100000 63081
100000 71658
100000 95825
100000 74116
100000 40397
100000 42966
100000 65871
100000 67155
100000 8627
100000 70079
100000 60746
100000 15345
100000 96453
100000 13684
100000 25898
100000 15264
100000 41481
100000 22563
100000 39868
100000 76121
100000 8244
100000 74232
100000 5235
100000 12679
100000 53146
100000 26479
100000 15025
100000 46124
100000 20538
100000 42722
100000 12447
100000 51913
100000 56562
100000 90718
100000 94422
100000 81512
100000 44371
100000 3964
100000 35406
