233
2 87466
2 9298
2 61151
2 59317
2 15023
2 67763
2 10976
2 93528
2 27251
2 94284
2 59640
2 19410
2 88229
2 37680
2 12150
2 1623
2 2942
2 77360
2 62051
2 8177
2 63145
2 61497
2 22241
2 57252
2 21357
2 3925
2 8490
2 8263
2 97217
2 52521
2 15707
2 48537
2 75685
2 16418
2 29810
2 24086
2 32837
2 58357
2 42555
2 52935
2 35359
2 20067
2 47249
2 99922
2 73062
2 23160
2 60803
2 36748
2 40588
2 58234
2 81292
2 86579
2 99789
2 48144
2 95380
2 26602
2 64636
2 20703
2 34072
2 32805
2 51009
2 54255
2 2875
2 72883
2 17925
2 25353
2 66355
2 16202
2 46065
2 12212
2 7297
2 60057
2 90420
2 81774
2 28379
2 31631
2 84674
2 43796
2 71393
2 21908
2 5404
2 73870
2 21375
2 47216
2 40648
2 99070
2 2346
2 50032
2 63179
2 73633
2 30341
2 88301
2 18788
2 19915
2 52761
2 15395
2 64869
2 89611
2 3600
2 98486
2 12308
2 2239
2 14385
2 32303
2 21315
2 48894
2 52805
2 81028
2 58558
2 76124
2 66350
2 86774
2 54212
2 93132
2 64638
2 40874
2 89065
2 39264
2 8196
2 7551
2 33954
2 93881
2 68114
2 69908
2 45845
2 3706
2 24168
2 8553
2 43702
2 93213
2 11745
2 99435
2 1696
2 37607
2 99329
2 29540
2 91098
2 43226
2 11688
2 61735
2 52646
2 11507
2 3821
2 43536
2 55449
2 52560
2 40604
2 22361
2 86940
2 32067
2 45763
2 16208
2 99441
2 63086
2 58747
2 39936
2 35367
2 1623
2 20907
2 16782
2 27701
2 52039
2 2335
2 41611
2 91735
2 32777
2 80541
2 55324
2 14037
2 49750
2 48804
2 89932
2 14749
2 23517
2 97155
2 15399
2 93748
2 4248
2 53755
2 79061
2 75740
2 34385
2 23445
2 73136
2 67064
2 24401
2 99872
2 81839
2 76114
2 68937
2 79161
2 19234
2 40638
2 28656
2 42132
2 25314
2 9337
2 88124
2 39728
2 1113
2 33637
2 77473
2 55171
2 63873
2 52697
2 60183
2 95771
2 96821
2 96385
2 79780
2 91280
2 22912
2 30325
2 11726
2 34635
2 77277
2 35657
2 80474
2 91968
2 32501
2 49343
2 17734
2 38650
2 845
2 54726
2 6545
2 97156
2 16766
2 80016
2 91562
2 12397
2 83561
2 36150
