233
30260 100000
32002 100000
82794 100000
297 100000
94683 100000
13496 100000
56090 100000
92736 100000
58186 100000
69357 100000
25187 100000
94597 100000
28254 100000
95917 100000
14495 100000
70412 100000
63133 100000
15625 100000
68477 100000
55957 100000
38967 100000
41235 100000
59005 100000
86911 100000
84807 100000
70326 100000
5033 100000
10487 100000
60113 100000
17059 100000
59865 100000
16592 100000
73024 100000
81389 100000
30840 100000
76324 100000
27090 100000
53338 100000
62704 100000
75773 100000
76191 100000
11935 100000
75435 100000
74096 100000
38034 100000
11635 100000
75476 100000
44259 100000
82844 100000
28100 100000
91280 100000
33950 100000
18521 100000
22944 100000
73688 100000
82904 100000
41458 100000
28414 100000
22686 100000
20551 100000
89047 100000
937 100000
89152 100000
29082 100000
83093 100000
19012 100000
49707 100000
36729 100000
60880 100000
55306 100000
32200 100000
66704 100000
75939 100000
2201 100000
44726 100000
48566 100000
59946 100000
22104 100000
33400 100000
85421 100000
79681 100000
13198 100000
1096 100000
9553 100000
40390 100000
54973 100000
54174 100000
4612 100000
28000 100000
19298 100000
2018 100000
48912 100000
35529 100000
31665 100000
13519 100000
3544 100000
22244 100000
90321 100000
46419 100000
21702 100000
89193 100000
47 100000
62520 100000
91272 100000
62903 100000
51763 100000
21753 100000
21989 100000
72261 100000
300 100000
17336 100000
65278 100000
40450 100000
8488 100000
71468 100000
56407 100000
57611 100000
95203 100000
31656 100000
21456 100000
57662 100000
86062 100000
74189 100000
57481 100000
71077 100000
18266 100000
65525 100000
21788 100000
66403 100000
1698 100000
96700 100000
68976 100000
46251 100000
46999 100000
11031 100000
22907 100000
94947 100000
68721 100000
57604 100000
99088 100000
31334 100000
66751 100000
22149 100000
47977 100000
39618 100000
38415 100000
77201 100000
36709 100000
11927 100000
64561 100000
91190 100000
98184 100000
81326 100000
10949 100000
18995 100000
64532 100000
88245 100000
33952 100000
42986 100000
61175 100000
62747 100000
67592 100000
52660 100000
74734 100000
79008 100000
72277 100000
14375 100000
95366 100000
18744 100000
99603 100000
20255 100000
93811 100000
25212 100000
88707 100000
45091 100000
33495 100000
34464 100000
26432 100000
65748 100000
59604 100000
53824 100000
98986 100000
70409 100000
74804 100000
50430 100000
31314 100000
76084 100000
54435 100000
27151 100000
69444 100000
60862 100000
48414 100000
8424 100000
20235 100000
87931 100000
12263 100000
34007 100000
36153 100000
10437 100000
66810 100000
15411 100000
72855 100000
49260 100000
35730 100000
24614 100000
84321 100000
65534 100000
30118 100000
68337 100000
54437 100000
33202 100000
29150 100000
44122 100000
75486 100000
75102 100000
38492 100000
1448 100000
49837 100000
16357 100000
20286 100000
87381 100000
9049 100000
85603 100000
60017 100000
96161 100000
938 100000
18425 100000
79829 100000
25478 100000
79021 100000
68331 100000
32752 100000
22521 100000
