233
15128 1
74068 1
15762 1
87208 1
4534 1
75255 1
60709 1
27452 1
6408 1
32826 1
11256 1
84409 1
4716 1
67968 1
57108 1
60010 1
73716 1
53592 1
5628 1
48846 1
51923 1
48829 1
44302 1
82189 1
96799 1
97074 1
24914 1
63660 1
48976 1
64083 1
48140 1
37462 1
76016 1
78627 1
51613 1
33300 1
99076 1
50938 1
34825 1
38843 1
34641 1
29111 1
85976 1
43263 1
69553 1
35966 1
5602 1
74096 1
56760 1
14238 1
98174 1
7365 1
85397 1
46850 1
77338 1
56116 1
58705 1
6587 1
60577 1
20401 1
97708 1
95407 1
84059 1
36377 1
87242 1
45188 1
24500 1
13949 1
63337 1
82878 1
10272 1
63070 1
32368 1
14816 1
63375 1
70316 1
15100 1
33173 1
8815 1
43371 1
42018 1
57459 1
27401 1
71942 1
83648 1
88805 1
5052 1
83870 1
30588 1
97890 1
94932 1
76394 1
48720 1
63859 1
19919 1
45773 1
56663 1
46991 1
880 1
7195 1
20485 1
4774 1
65402 1
30374 1
36561 1
62635 1
59097 1
7756 1
15622 1
87364 1
38307 1
75135 1
9237 1
2706 1
69110 1
48320 1
37926 1
22391 1
47186 1
36743 1
16385 1
32881 1
29687 1
93795 1
4767 1
98278 1
22489 1
74477 1
56224 1
94167 1
2997 1
90074 1
70074 1
25625 1
62271 1
76654 1
64184 1
29992 1
31409 1
87720 1
62000 1
50989 1
38520 1
72092 1
93929 1
19125 1
82089 1
55709 1
24256 1
15273 1
71472 1
99583 1
70169 1
91868 1
18943 1
77563 1
44730 1
69745 1
39648 1
65618 1
75525 1
16131 1
82457 1
67208 1
5815 1
47008 1
1761 1
42497 1
86021 1
39757 1
20245 1
61444 1
79003 1
2791 1
58488 1
21285 1
68822 1
73979 1
89866 1
81489 1
91230 1
8875 1
16709 1
81403 1
38857 1
8942 1
68389 1
55936 1
99929 1
49798 1
24421 1
86782 1
23316 1
45694 1
99929 1
35340 1
95366 1
12829 1
37002 1
13741 1
60044 1
7950 1
28492 1
35775 1
35145 1
89779 1
25444 1
4307 1
43896 1
2604 1
13588 1
62153 1
80309 1
69639 1
2055 1
52508 1
63878 1
64530 1
44240 1
43979 1
50700 1
63919 1
97747 1
60174 1
35594 1
20456 1
11776 1
34829 1
99032 1
62859 1
75741 1
58268 1
91005 1
