233
16738 77119
48165 88991
9945 47939
78094 87955
60903 69892
87449 98187
63604 91537
92350 99749
52018 88909
27469 34985
31708 51124
26071 74056
12369 92513
89465 94774
62274 77822
79556 81472
1637 69039
10568 11068
63650 96688
22931 65105
29261 74309
91628 95199
35714 52060
42568 66607
4968 13684
33162 71799
72698 98575
93313 97010
95399 99123
20385 26527
33317 93835
79965 83408
99675 99911
74764 81758
42156 42546
89016 96977
7739 62153
69547 96670
41947 42369
53511 67875
16236 71614
24036 97158
23979 84945
68743 83785
2848 95259
33257 97617
97819 99422
20449 97433
91077 97915
68089 96340
83014 96073
14979 43036
95763 98277
96756 98417
84835 87388
3820 13786
70131 87931
1228 27949
21817 43428
58851 81558
55650 65039
81607 84932
74457 77894
13862 14603
23376 95451
29527 67975
21490 73944
97082 99710
80338 85392
3218 34097
61862 74384
14896 67941
73108 92703
7276 58896
64966 78447
97446 99542
5258 77433
28983 57474
73370 88598
35357 40937
52033 65324
71984 95111
71297 80858
83610 91192
44958 82589
90144 96592
55270 79606
14004 69036
19217 91223
87764 97394
74026 79222
779 90956
83638 92463
16660 58304
27875 43121
40381 54086
19143 47602
90836 99423
75545 95651
79268 90101
1861 58313
66892 88937
21758 22747
13391 26780
41392 43204
23444 75488
99146 99719
63223 91258
54434 99037
28907 96190
35694 97399
54487 57574
73180 73290
12240 58232
1131 22372
14987 40318
13335 62406
72022 92056
17378 67642
76935 85960
97660 99728
65734 82397
99794 99800
4653 27335
21283 70138
42025 60010
82298 97609
95461 99379
57951 70835
34222 84741
52082 56313
67756 89535
94978 96091
53021 66984
28839 45770
48479 59142
73842 85910
61698 73600
81095 96581
32330 59211
99874 99884
71067 71990
55109 74949
33098 61188
37530 51259
34611 72206
95427 99649
47108 88646
5374 24192
72352 92167
29339 94739
10373 16308
10221 22005
41952 63168
21876 91584
94978 95162
34541 56408
22826 68590
21403 25742
65898 93000
13531 73671
21565 53192
75807 95963
46470 92742
7345 18305
59435 90373
55102 73639
333 77878
34888 39851
77003 82240
84602 94794
55296 69899
46871 50400
85867 99901
36997 45474
68781 75586
17314 53072
64594 75672
76287 83434
80065 89778
39110 54157
14102 18666
50907 71922
40801 90853
35833 75870
41597 65981
88002 90713
69726 87754
42503 80139
9229 73178
91507 97723
39294 93991
63323 87993
99517 99769
9978 34945
52998 66074
3139 38367
84813 89366
9496 27533
47921 93717
85255 92980
66254 97607
78540 82913
72400 84570
17428 49957
78202 89206
97761 99545
7191 73959
44067 74172
75939 95934
92841 94348
60844 88993
56414 64691
46663 59378
42391 97719
92533 98743
40985 84055
2519 15030
13558 61966
13756 86678
42275 68910
87883 88784
79663 84311
8604 22182
41154 86162
66781 73486
20816 41325
55976 70163
24813 47168
44988 97463
76963 95317
47930 61252
62474 65095
