233
71951 47025
50748 25183
82800 30279
33581 30576
69261 18841
45830 15198
22058 11430
67506 53642
34244 8387
54936 28886
26634 21485
50510 19265
16343 10287
93285 26461
50091 47030
41874 6682
40211 11935
83500 25413
96308 57585
98802 10307
77100 44237
64354 3816
42206 5291
39780 39127
88802 42581
39685 11574
3117 303
56076 23272
92976 10077
94304 13076
83597 35920
2757 2673
67059 29967
93218 87791
54319 4528
47945 5413
31614 26275
34151 1229
966 815
66813 59594
2617 2414
25837 19752
99930 99513
56720 24410
67402 20212
16131 15804
85386 34214
41620 27993
8773 7858
50211 40585
86359 43567
5408 3252
79999 69680
86379 10427
82103 37463
19660 16087
89758 88314
93157 14614
52813 22385
4331 768
76914 58296
87852 48381
4178 1128
11271 8498
93680 83966
13885 4276
7681 3788
96637 51907
13296 1683
66787 50576
65802 39484
49618 17508
41659 32851
83684 49661
2382 170
88087 87497
59976 6558
39385 24124
81615 46551
37798 10521
94807 24285
7500 3631
44423 13800
46821 24229
46675 243
6634 4393
72400 50408
40478 17252
36531 20451
50753 14428
11933 4039
84445 15043
3954 1660
90484 6713
66864 36369
6184 3207
66184 25278
53149 36895
56514 37083
78573 14765
93120 7137
96788 66946
83639 62511
17562 13917
24002 1183
70105 39680
28153 19288
96787 62721
80227 1367
74623 14593
93256 24947
20551 6066
87420 17511
1058 739
68302 30815
4317 4259
50949 15930
49889 14644
56914 13963
32094 24060
94648 67625
15676 9291
9741 4520
26269 20550
77401 69302
4099 1601
178 140
28949 11027
91667 55539
78098 71791
89399 39792
29864 14628
45318 26419
29195 3312
25602 11933
38597 13468
96380 65374
18416 2539
35475 12771
58061 39095
62611 4395
25935 4840
70445 30404
58614 58275
96928 19997
2574 1769
51947 27524
13358 11917
72103 31195
90241 59780
28649 10812
68623 28904
81194 10598
18446 12981
51105 3481
61528 44123
64552 41090
90881 85319
96572 46367
49372 12698
87504 79395
93741 75494
71397 13221
89249 5007
79171 77727
56316 19932
77537 17099
88265 51850
7594 7179
42851 33269
11602 3072
5862 1369
27581 21066
414 183
74561 43960
16898 14261
92152 4637
69045 49589
11254 1157
80467 29133
30383 8826
37770 23292
7527 1796
47987 31219
91177 81583
29241 12998
81047 24456
42231 32460
21080 8557
93820 64349
12442 11081
1931 1894
5311 3385
78415 31199
71728 49295
37015 28641
43707 32259
11780 4028
30966 2757
88879 36930
70209 37236
46553 2912
1726 513
34047 4218
70858 23157
79812 54073
12200 11775
81898 48235
18547 7557
10869 9437
16885 4083
43621 2767
24103 14961
25454 6371
79443 60200
90723 47935
67998 52399
16330 3408
48001 30474
75757 71738
95393 34685
13557 7293
21443 3447
91760 50165
98260 56025
15068 14430
96479 16963
31323 22615
11250 8371
68788 8475
71928 33046
5759 4130
66986 23625
